((("new" .
   [1 0 0])
  ("done" .
   [2 0 0 0])
  ("connect" .
   [1 0 0 0 0 0 0])
  ("describe" .
   [1 0 0 0 0 0 0 0])
  ("s" .
   [2])
  ("5" .
   [1])
  ("2" .
   [4])
  ("true" .
   [3 0 0 0])
  ("else" .
   [2 0 0 1])
  ("keys" .
   [1 0 0 0])
  ("Object" .
   [1 0 0 0 0 0])
  ("typeof" .
   [1 0 0 0 0 0])
  ("forEach" .
   [1 0 0 0 0 0 0])
  ("other_peers" .
   [4 0 0 0 0 0 0 0 0 0 0])
  ("peerId" .
   [4 0 0 0 0 0])
  ("name" .
   [1 0 0 0])
  ("if" .
   [7 0])
  ("false" .
   [4 0 0 0 0])
  ("t" .
   [2])
  ("started" .
   [4 0 0 0 0 0 0])
  ("setT" .
   [1 0 0 0])
  ("n" .
   [2])
  ("function" .
   [2 0 0 0 0 0 0 0])
  ("while" .
   [2 0 0 0 0])
  ("1000" .
   [4 0 0 0])
  ("1" .
   [5])
  ("0" .
   [3])
  ("var" .
   [1 0 0])
  ("setTimeout" .
   [0 0 0 0 3 0 0 0 0 0])
  ("stream" .
   [1 0 0 0 0 0])
  ("window" .
   [1 0 0 0 0 0])
  ("assert" .
   [5 0 0 0 0 0])
  ("log" .
   [9 0 0])
  ("console" .
   [9 0 0 0 0 0 0])
  ("v" .
   [1])
  ("result" .
   [3 0 0 0 0 0])
  ("win-resize-minimize-vert" .
   [0 0 0 0 0 0 0 0 0 0 0 0 0 0 0 0 0 0 0 1 0 0 0 0])
  ("global-set-key" .
   [1 0 0 0 0 0 0 0 0 0 0 0 0 0])
  ("-" .
   [1])
  ("+" .
   [2])
  (":" .
   [1])
  ("kbd" .
   [3 0 0])
  ("doremi" .
   [1 0 0 0 0 0])
  ("require" .
   [1 0 0 0 0 0 0])
  ("WebO" .
   [2 0 0 0])
  ("progn" .
   [1 0 0 0 0])
  ("i" .
   [1])
  ("or" .
   [2 0])
  ("document" .
   [0 0 0 0 1 0 0 0])
  ("getElementById" .
   [0 0 0 0 1 0 0 0 0 0 0 0 0 0])
  ("checked" .
   [1 0 0 0 0 0 0])
  ("alert" .
   [1 0 0 0 0])
  ("y-or-n-p" .
   [2 0 0 0 0 0 0 0])
  ("format" .
   [2 0 0 0 0 0])
  ("yes-or-no-p" .
   [0 0 0 0 0 0 0 0 0 1 0])
  ("cons" .
   [1 0 0 0])
  ("message" .
   [1 0 0 0 0 0 0])
  ("nil" .
   [2 0 0])
  ("point" .
   [4 0 0 0 0])
  ("set" .
   [1 0 0])
  ("setq" .
   [1 0 0 0])
  ("defun" .
   [3 0 0 0 0])
  ("window-width" .
   [1 0 0 0 0 0 0 0 0 0 0 0])
  ("goto-char" .
   [2 0 0 0 0 0 0 0 0])
  ("buffer" .
   [3 0 0 0 0 0])
  ("current-buffer" .
   [1 0 0 0 0 0 0 0 0 0 0 0 0 0])
  ("switch-to-buffer" .
   [1 0 0 0 0 0 0 0 0 0 0 0 0 0 0 0])
  ("insert" .
   [3 0 0 0 0 1])
  ("files-list" .
   [1 0 0 0 0 0 0 0 0 0])
  ("car" .
   [2 0 0])
  ("cdr" .
   [1 0 0])))
